%col 0
3834 1.96644
998 2.21185
5793 1.8986
2357 4.92684
6293 1.8986
7102 1.35108
4713 6.70725
8395 2.75538
2986 1.79931
582 0.722537
1829 1.6435
447 4.89702
2404 2.01655
5013 2.01655
5209 3.05929
809 3.50365
2838 4.6193
7217 0.710274
4400 2.83839
5895 3.715
4587 2.83839
1249 2.83839
9081 3.95121
8755 6.49995
3508 5.23422
5540 6.24144
2569 2.31277
8641 1.88386
6789 3.44207
1450 1.99598
8961 5.32345
3104 3.5529
2251 5.21955
794 2.78678
5005 1.91474
6556 3.25952
9254 6.5942
5961 2.5366
4087 2.05925
5854 1.90184
3360 5.35208
6098 4.75043
2829 4.48419
8660 1.77045
4112 1.77045
353 1.77045
6209 4.56093
4845 2.65642
1544 2.50841
215 1.01941
4693 6.38767
9296 5.72731
3073 3.61006
7815 3.1619
688 5.72445
1045 4.54302
5994 5.22124
721 1.80108
4554 0.131812
4238 5.71862
6843 2.37566
5353 1.24777
214 5.00994
4941 1.12506
2279 4.06167
0 6.78203
5160 2.11137
2807 1.64592
5207 1.84527
8392 1.22288
4574 0.086487
%col 1
623 1.6763
8084 1.25866
8948 1.20538
6579 1.86348
2680 5.08384
2056 1.09821
1555 2.55718
7565 2.08733
443 3.42027
8788 1.8203
4886 1.33395
9051 1.04814
5838 1.04814
5963 1.75866
6669 2.9814
4932 2.61994
8403 1.93797
2469 4.93465
8392 2.87625
5837 1.51109
6765 1.30741
5044 6.16295
3525 1.64138
4220 2.01629
%col 2
3421 2.99559
398 1.56879
183 1.86873
4590 2.87688
3101 6.73935
6760 4.81351
5566 0.697284
8671 3.72246
2060 2.3114
2062 1.21124
2661 3.96666
1346 2.20993
1070 4.02053
2893 2.69322
8298 4.19216
9225 4.96826
3166 4.19216
6735 4.19216
3000 6.22904
7356 3.45976
9337 4.69444
176 4.69444
8739 6.30915
7516 2.41707
4615 2.39293
8947 5.22374
4349 5.22374
3518 2.04251
4895 4.53271
2986 2.12827
5911 4.05107
310 4.05107
7152 4.30783
5634 2.31289
5702 2.31289
8809 1.36685
1906 1.36685
1818 1.22213
4175 2.72017
3611 2.01431
136 1.457
4987 1.457
3908 3.98598
3091 1.32264
6380 0.822951
6376 0.690522
4277 6.19029
8166 3.20454
300 3.84295
5488 2.29202
4032 4.43078
375 1.67633
5748 5.26284
3969 1.31073
4478 5.4373
1950 3.67551
4176 3.71956
5156 0.940246
1802 3.80632
1536 6.56277
2998 1.42224
699 6.51094
2997 5.3841
2594 6.51788
2404 2.22031
5013 2.22031
2533 4.83362
3521 2.08973
4514 1.80084
1877 6.68717
2551 5.84118
4172 4.33849
8558 1.68765
9083 4.59623
8501 5.54911
3770 5.04798
8288 6.7276
1399 2.84735
5680 1.69985
8053 3.02323
8556 1.43687
6262 1.67474
9070 2.65316
6763 1.83195
7621 5.77838
4039 5.57966
5912 1.08918
824 1.1883
2120 6.18057
8400 6.18057
8874 2.78416
3775 5.63234
6547 2.69994
5198 3.86193
5335 3.21803
948 2.2046
5365 2.49095
1211 6.56316
947 1.96972
4289 5.79965
6767 1.32711
9375 3.52615
1135 3.10567
8433 1.4407
8468 1.4407
8376 1.695
6173 2.67565
1408 1.31881
155 4.82002
717 5.73833
282 4.82002
8915 4.82002
4651 1.55211
7512 4.09903
6753 4.78782
8834 4.78782
6761 3.23979
2744 1.66709
5574 1.00119
8333 2.43816
6670 1.36473
8518 2.10311
2829 5.86228
6788 6.0059
493 2.7419
4145 6.58051
8427 2.1372
6641 3.03867
4693 3.68027
1352 5.62711
763 3.04761
714 3.56057
9321 2.47708
4373 2.83237
9380 3.97166
8961 6.38566
6458 6.38003
5211 6.51897
6540 6.51897
3347 3.49971
9293 4.23906
1340 2.44798
2057 6.7823
5892 1.13281
4805 4.2344
4792 0.190407
5644 2.34178
2569 1.37981
16 6.52406
2878 0.547248
6326 4.15205
3321 3.15664
4238 2.82829
6843 2.34963
1203 4.77081
4650 2.2302
8818 3.085
4691 0.009179
534 4.59176
2317 1.61331
1786 6.25838
7988 4.43666
6861 4.12545
3073 3.32623
8755 2.92454
0 1.24598
4761 0.040496
2298 6.45615
4688 0.449352
18 3.09898
5260 2.77809
660 1.23771
%col 3
8204 1.80949
5299 1.88504
2986 1.72101
6236 2.95158
5191 1.05531
