%col 0
472 0.635208
1391 0.635208
%col 1
248 0.638941
875 0.32495
1055 0.506173
1323 0.522802
1328 0.572259
1803 0.63139
2060 0.29599
2132 0.687102
2152 0.502732
2816 0.694617
2948 0.666237
3353 0.377145
3754 0.630807
3842 0.512996
4713 0.539844
5849 0.489626
6191 0.622909
6193 0.672926
6803 0.677328
7818 0.598606
8657 0.649029
8908 0.122474
8910 0.106322
8934 0.417129
8948 0.68494
%col 2
875 0.315497
%col 3
753 0.657897
953 0.489098
2225 0.653793
2469 0.668651
2746 0.478637
3547 0.564034
3553 0.480805
3917 0.645518
5296 0.493715
5483 0.653793
5595 0.671878
5637 0.638513
6441 0.678159
7382 0.41503
8472 0.590927
8534 0.602939
8662 0.336149
8892 0.206134
9053 0.653793
9297 0.0231593
%col 4
439 0.596597
449 0.266178
%col 5
%col 6
5817 0.0202824
%col 7
80 0.0169818
2279 0.0940167
5735 0.0258967
7785 0.41859
